0 0.3359375 0.7921875 0.2515625 0.4109375
0 0.18515625 0.37734375 0.121875 0.3171875
0 0.77890625 0.9 0.06875 0.1359375
0 0.571875 0.15390625 0.1703125 0.275
0 0.734375 0.0703125 0.109375 0.121875
0 0.9125 0.1390625 0.06875 0.0765625
0 0.66875 0.5453125 0.04375 0.065625
0 0.76875 0.7078125 0.0546875 0.1046875
0 0.69609375 0.23046875 0.0734375 0.140625
0 0.09375 0.66640625 0.0390625 0.0796875
0 0.575 0.88203125 0.28125 0.1140625
0 0.37890625 0.2859375 0.1171875 0.128125
0 0.42734375 0.50703125 0.0546875 0.128125
0 0.26640625 0.4 0.053125 0.11875
0 0.31484375 0.4 0.028125 0.0859375
0 0.28671875 0.54921875 0.021875 0.0640625
0 0.50859375 0.4078125 0.0234375 0.2140625
0 0.5828125 0.4875 0.0140625 0.13125
0 0.5515625 0.4671875 0.0171875 0.1515625
0 0.6375 0.43203125 0.03125 0.0546875
0 0.5875 0.37734375 0.028125 0.0421875
0 0.75 0.509375 0.0265625 0.05
0 0.73515625 0.53046875 0.028125 0.06875
0 0.71640625 0.70546875 0.0203125 0.071875